AW-5	
nm	
190	3.21445608139
191	3.225720405579
192	3.140511989594
193	2.870820045471
194	2.562164783478
195	2.377749919891
196	2.212988853455
197	2.075078010559
198	1.974071025848
199	1.897458076477
200	1.835542201996
201	1.791149139404
202	1.752088069916
203	1.715438365936
204	1.688497066498
205	1.666526794434
206	1.645233154297
207	1.629848957062
208	1.6104388237
209	1.59446811676
210	1.580351352692
211	1.562567710876
212	1.548295021057
213	1.530193328857
214	1.514273643494
215	1.499763011932
216	1.484800338745
217	1.468901634216
218	1.455667972565
219	1.440629959106
220	1.425960063934
221	1.415794849396
222	1.404012680054
223	1.392819404602
224	1.38419008255
225	1.375887870789
226	1.366158008575
227	1.359990119934
228	1.353143215179
229	1.346019268036
230	1.340043067932
231	1.335399627686
232	1.330156803131
233	1.324934959412
234	1.320148468018
235	1.315402507782
236	1.311089038849
237	1.307328701019
238	1.304284095764
239	1.300775527954
240	1.297856807709
241	1.295182228088
242	1.291042327881
243	1.28876209259
244	1.285972118378
245	1.284904003143
246	1.281448841095
247	1.278296947479
248	1.276105880737
249	1.272362709045
250	1.270877361298
251	1.267809391022
252	1.265110969543
253	1.263566970825
254	1.259543895721
255	1.256140232086
256	1.253296375275
257	1.248429298401
258	1.24565410614
259	1.240728378296
260	1.234922409058
261	1.229538917542
262	1.224830627441
263	1.219379425049
264	1.213804244995
265	1.206324577332
266	1.199390888214
267	1.191579341888
268	1.183861732483
269	1.174611568451
270	1.165714263916
271	1.157491207123
272	1.148142814636
273	1.13866186142
274	1.129666805267
275	1.119895458221
276	1.109355449677
277	1.099792480469
278	1.089093208313
279	1.079565048218
280	1.068956375122
281	1.058748245239
282	1.049825668335
283	1.041518688202
284	1.032329559326
285	1.023874759674
286	1.014841079712
287	1.006477832794
288	0.998639583588
289	0.988890647888
290	0.983385562897
291	0.975423812866
292	0.967384338379
293	0.960835456848
294	0.954151630402
295	0.946198940277
296	0.940361976624
297	0.93373632431
298	0.926612854004
299	0.921498298645
300	0.91503238678
301	0.907951831818
302	0.902740955353
303	0.896572113037
304	0.890487194061
305	0.884863853455
306	0.879772186279
307	0.875216960907
308	0.86998462677
309	0.864999771118
310	0.860506057739
311	0.855162620544
312	0.849503993988
313	0.845680236816
314	0.840813159943
315	0.835787296295
316	0.831551551819
317	0.827447414398
318	0.822513103485
319	0.818674564362
320	0.81439447403
321	0.811019420624
322	0.807109832764
323	0.803693294525
324	0.799855232239
325	0.796719074249
326	0.793432235718
327	0.789752483368
328	0.786981105804
329	0.784049987793
330	0.780869483948
331	0.778483867645
332	0.775370121002
333	0.772786140442
334	0.770992279053
335	0.767513275146
336	0.765960693359
337	0.764344215393
338	0.761727809906
339	0.760171413422
340	0.759219646454
341	0.757109642029
342	0.755642414093
343	0.754793643951
344	0.753767967224
345	0.751948833466
346	0.751276016235
347	0.749642372131
348	0.748460292816
349	0.748267173767
350	0.747165679932
351	0.746193408966
352	0.745422363281
353	0.744223594666
354	0.743227481842
355	0.742224693298
356	0.74175786972
357	0.741307735443
358	0.739691734314
359	0.737983226776
360	0.739236831665
361	0.73708820343
362	0.734368801117
363	0.73347902298
364	0.732395172119
365	0.732819080353
366	0.730815887451
367	0.72785615921
368	0.726057052612
369	0.725260734558
370	0.723257541656
371	0.721601963043
372	0.72177362442
373	0.719761371613
374	0.718667507172
375	0.716397285461
376	0.714566230774
377	0.712869167328
378	0.710641384125
379	0.708790779114
380	0.706033706665
381	0.70426607132
382	0.702167034149
383	0.701177120209
384	0.700589179993
385	0.698741912842
386	0.696734905243
387	0.694560527802
388	0.692885398865
389	0.691500663757
390	0.690245628357
391	0.687570571899
392	0.684907913208
393	0.683282852173
394	0.682759284973
395	0.680936336517
396	0.678790569305
397	0.677070617676
398	0.67520570755
399	0.674270153046
400	0.672876834869
401	0.670643806458
402	0.669490814209
403	0.66895866394
404	0.667500495911
405	0.665867805481
406	0.663151741028
407	0.663239955902
408	0.662747859955
409	0.660974025726
410	0.659871101379
411	0.657797813416
412	0.656144142151
413	0.655500888824
414	0.654916763306
415	0.654349803925
416	0.653170108795
417	0.652378559113
418	0.651332378387
419	0.650986194611
420	0.649500846863
421	0.64830160141
422	0.648499965668
423	0.647093296051
424	0.647805690765
425	0.646245956421
426	0.645642757416
427	0.644888401031
428	0.645168781281
429	0.644646167755
430	0.644129753113
431	0.643572330475
432	0.642745018005
433	0.64311170578
434	0.643650054932
435	0.642988204956
436	0.642892837524
437	0.643033504486
438	0.643786907196
439	0.64400434494
440	0.643602848053
441	0.643515586853
442	0.644346237183
443	0.645436763763
444	0.644030570984
445	0.645414352417
446	0.644891262054
447	0.646553039551
448	0.648342132568
449	0.648658275604
450	0.649383068085
451	0.650634288788
452	0.652084827423
453	0.652277469635
454	0.654740333557
455	0.655149459839
456	0.65770816803
457	0.659795761108
458	0.660830974579
459	0.662278175354
460	0.665046691895
461	0.665853500366
462	0.667356014252
463	0.671621322632
464	0.673020362854
465	0.675582408905
466	0.678930282593
467	0.682147502899
468	0.685460090637
469	0.690330028534
470	0.69309091568
471	0.693634033203
472	0.701856136322
473	0.703637599945
474	0.709445476532
475	0.713563919067
476	0.717602729797
477	0.724931716919
478	0.731438159943
479	0.735198020935
480	0.74236536026
481	0.749851703644
482	0.758061408997
483	0.76341676712
484	0.771611690521
485	0.780879020691
486	0.785940647125
487	0.793481349945
488	0.805863857269
489	0.815789699554
490	0.825646400452
491	0.836731910706
492	0.844316482544
493	0.856558322906
494	0.866956710815
495	0.881642341614
496	0.893135070801
497	0.90539932251
498	0.911366939545
499	0.927519798279
500	0.941291809082
501	0.955903530121
502	0.962154388428
503	0.978791713715
504	0.992761611938
505	1.001398563385
506	1.017825603485
507	1.024099826813
508	1.033691883087
509	1.046168804169
510	1.054022789001
511	1.059960842133
512	1.073926448822
513	1.08039188385
514	1.090811729431
515	1.093088626862
516	1.092999458313
517	1.096977233887
518	1.102956295013
519	1.10485124588
520	1.101347923279
521	1.099587917328
522	1.104679107666
523	1.101945877075
524	1.094790935516
525	1.092429161072
526	1.081848621368
527	1.069441795349
528	1.070587158203
529	1.048974990845
530	1.039995193481
531	1.030015945435
532	1.013879776001
533	1.003675937653
534	0.988330364227
535	0.975280761719
536	0.962020397186
537	0.942266941071
538	0.927720069885
539	0.906715393066
540	0.889287471771
541	0.87201499939
542	0.8547706604
543	0.836622238159
544	0.817687988281
545	0.798811912537
546	0.778887271881
547	0.761313915253
548	0.743427276611
549	0.72477388382
550	0.70662689209
551	0.689367294312
552	0.672734260559
553	0.654457092285
554	0.6393699646
555	0.621731758118
556	0.606706619263
557	0.590283870697
558	0.575219631195
559	0.560047626495
560	0.542884349823
561	0.529587268829
562	0.51641368866
563	0.501932144165
564	0.488965511322
565	0.476148605347
566	0.463587284088
567	0.451316833496
568	0.43940448761
569	0.427505970001
570	0.416185379028
571	0.405634403229
572	0.395721435547
573	0.384553909302
574	0.374645709991
575	0.365878105164
576	0.356739044189
577	0.347652435303
578	0.339244842529
579	0.331933021545
580	0.323174476624
581	0.314859390259
582	0.307667255402
583	0.301629543304
584	0.29381608963
585	0.286723136902
586	0.2810754776
587	0.27458190918
588	0.268824577332
589	0.263077259064
590	0.257395744324
591	0.252087593079
592	0.246236801147
593	0.240853786469
594	0.236122608185
595	0.231261253357
596	0.226842880249
597	0.222396373749
598	0.217741966248
599	0.212988376617
600	0.208735466003
601	0.204807758331
602	0.201313018799
603	0.197043895721
604	0.193490505219
605	0.189951896667
606	0.186875343323
607	0.183366298676
608	0.180099010468
609	0.177338123322
610	0.173810482025
611	0.170714855194
612	0.16806602478
613	0.165350914001
614	0.162392616272
615	0.15953540802
616	0.157053947449
617	0.154455184937
618	0.152320861816
619	0.14994096756
620	0.147323131561
621	0.145391464233
622	0.142739295959
623	0.14053106308
624	0.138469696045
625	0.137115478516
626	0.134705066681
627	0.133392333984
628	0.130692481995
629	0.128446578979
630	0.127027511597
631	0.125158786774
632	0.123440265656
633	0.122560977936
634	0.120315074921
635	0.119058132172
636	0.116612911224
637	0.11469745636
638	0.113081455231
639	0.111576080322
640	0.11073923111
641	0.108880996704
642	0.107653617859
643	0.1059217453
644	0.104695320129
645	0.102080821991
646	0.101895332336
647	0.099596500397
648	0.099013805389
649	0.09859085083
650	0.096556186676
651	0.095620632172
652	0.094064235687
653	0.092406749725
654	0.090582370758
655	0.089165687561
656	0.084153652191
657	0.084962844849
658	0.086867332458
659	0.085615158081
660	0.085219860077
661	0.083688735962
662	0.083679676056
663	0.081214904785
664	0.080990314484
665	0.07995223999
666	0.078927993774
667	0.078664779663
668	0.077059268951
669	0.07550239563
670	0.07506942749
671	0.074463367462
672	0.072965621948
673	0.072407722473
674	0.071418762207
675	0.070572853088
676	0.070137023926
677	0.069271087646
678	0.068560123444
679	0.067455768585
680	0.066714763641
681	0.065984249115
682	0.065383911133
683	0.064512729645
684	0.063543319702
685	0.062612533569
686	0.062051296234
687	0.06184387207
688	0.061220645905
689	0.060977458954
690	0.059859275818
691	0.059131145477
692	0.058838367462
693	0.057748317719
694	0.057301998138
695	0.056663513184
696	0.056948661804
697	0.055736541748
698	0.055169582367
699	0.054556846619
700	0.054284095764
701	0.053454875946
702	0.053124427795
703	0.052535533905
704	0.052366733551
705	0.051568508148
706	0.05190038681
707	0.050731658936
708	0.05029296875
709	0.050431728363
710	0.049974441528
711	0.04925775528
712	0.049098968506
713	0.048052310944
714	0.047740936279
715	0.047319889069
716	0.046928405762
717	0.047340393066
718	0.04675245285
719	0.045348644257
720	0.045175075531
721	0.045083045959
722	0.044137954712
723	0.044587135315
724	0.043961524963
725	0.043656349182
726	0.043295860291
727	0.042891979218
728	0.042638778687
729	0.042022705078
730	0.041835308075
731	0.0413813591
732	0.041338920593
733	0.04118680954
734	0.040350914001
735	0.04026889801
736	0.039710044861
737	0.040145397186
738	0.03922700882
739	0.038946628571
740	0.038723945618
741	0.03902387619
742	0.038775444031
743	0.038489818573
744	0.038776397705
745	0.037769794464
746	0.037985801697
747	0.037454605103
748	0.037231445313
749	0.037010669708
750	0.036601543427
751	0.036671638489
752	0.036288738251
753	0.036010742188
754	0.035209655762
755	0.035680770874
756	0.035424232483
757	0.034607410431
758	0.034123897552
759	0.034034729004
760	0.033594608307
761	0.03388261795
762	0.033537864685
763	0.033545017242
764	0.033275127411
765	0.032955646515
766	0.032657146454
767	0.033347606659
768	0.032390117645
769	0.032513141632
770	0.032325267792
771	0.032096862793
772	0.031794548035
773	0.031479358673
774	0.031761646271
775	0.031979560852
776	0.031659603119
777	0.031043052673
778	0.030992507935
779	0.030493736267
780	0.030603885651
781	0.030442714691
782	0.030275344849
783	0.029880046844
784	0.030292987823
785	0.029239177704
786	0.029836177826
787	0.029443740845
788	0.029573440552
789	0.028915405273
790	0.028947353363
791	0.028934001923
792	0.028980731964
793	0.029308795929
794	0.028279304504
795	0.028377056122
796	0.028411865234
797	0.028305053711
798	0.027969837189
799	0.027764797211
800	0.027709960938
801	0.02783870697
802	0.027972698212
803	0.027345657349
804	0.027195930481
805	0.027066707611
806	0.026969432831
807	0.026692867279
808	0.026194572449
809	0.026096343994
810	0.026616096497
811	0.026937961578
812	0.026012420654
813	0.026144981384
814	0.02573633194
815	0.026152610779
816	0.026087284088
817	0.025687217712
818	0.026176452637
819	0.025728702545
820	0.025573253632
821	0.02520608902
822	0.025133609772
823	0.025476932526
824	0.025547027588
825	0.025012493134
826	0.025026321411
827	0.025314331055
828	0.024642467499
829	0.02433681488
830	0.02489900589
831	0.025275707245
832	0.024800300598
833	0.024811267853
834	0.024468421936
835	0.024667263031
836	0.024403095245
837	0.023983955383
838	0.024109363556
839	0.024161815643
840	0.024168968201
841	0.023595333099
842	0.024023532867
843	0.023361206055
844	0.023487091064
845	0.023289203644
846	0.023485660553
847	0.023675441742
848	0.022543907166
849	0.02339220047
850	0.023167133331
851	0.022835254669
852	0.02249956131
853	0.022211551666
854	0.021317481995
855	0.022864818573
856	0.021773338318
857	0.021790027618
858	0.022424221039
859	0.022049427032
860	0.021733283997
861	0.022526264191
862	0.021488189697
863	0.021986484528
864	0.022060394287
865	0.021897792816
866	0.022026062012
867	0.021880149841
868	0.021327018738
869	0.021667003632
870	0.021260738373
871	0.02164888382
872	0.021287918091
873	0.021079540253
874	0.021222114563
875	0.02072429657
876	0.021331787109
877	0.021190166473
878	0.020939350128
879	0.020725250244
880	0.020578861237
881	0.020217418671
882	0.020580768585
883	0.020849227905
884	0.02100276947
885	0.020851612091
886	0.020534038544
887	0.020484447479
888	0.020214080811
889	0.020854949951
890	0.020252227783
891	0.020406246185
892	0.020305633545
893	0.019752502441
894	0.020205974579
895	0.01976108551
896	0.020228385925
897	0.019669532776
898	0.019836902618
899	0.019156455994
900	0.01909828186
901	0.019477844238
902	0.019664287567
903	0.019955158234
904	0.019759178162
905	0.019374847412
906	0.019554138184
907	0.019276618958
908	0.018730640411
909	0.019047260284
910	0.019227027893
911	0.019148826599
912	0.018650054932
913	0.018916130066
914	0.018650054932
915	0.018441677094
916	0.019114017487
917	0.018956184387
918	0.018473625183
919	0.018292427063
920	0.019683837891
921	0.01846408844
922	0.018042564392
923	0.018685340881
924	0.019402503967
925	0.018957138062
926	0.017802238464
927	0.018032073975
928	0.017786979675
929	0.01731967926
930	0.018694400787
931	0.01843547821
932	0.018164157867
933	0.016988754272
934	0.018065929413
935	0.017865180969
936	0.018252372742
937	0.018822669983
938	0.017991542816
939	0.017603874207
940	0.018357276917
941	0.017836093903
942	0.018084526062
943	0.018033981323
944	0.018486022949
945	0.018465042114
946	0.017773151398
947	0.017396450043
948	0.018350124359
949	0.017041683197
950	0.01787853241
951	0.016696453094
952	0.01713180542
953	0.016526699066
954	0.017061233521
955	0.017029285431
956	0.016491889954
957	0.017740249634
958	0.016959667206
959	0.016777992249
960	0.016244888306
961	0.019687652588
962	0.019297599792
963	0.016426086426
964	0.019132137299
965	0.015957832336
966	0.01810836792
967	0.018362522125
968	0.016782283783
969	0.015800476074
970	0.018025875092
971	0.016176700592
972	0.016299724579
973	0.020067691803
974	0.015904426575
975	0.016750812531
976	0.015938282013
977	0.019318580627
978	0.013895988464
979	0.015461444855
980	0.018943786621
981	0.016120433807
982	0.016642093658
983	0.017653942108
984	0.01917219162
985	0.015829086304
986	0.014514923096
987	0.016611099243
988	0.013188838959
989	0.016467094421
990	0.014180183411
991	0.016809463501
992	0.020628452301
993	0.018585205078
994	0.019378185272
995	0.014307022095
996	0.02027463913
997	0.014804363251
998	0.01766872406
999	0.014976978302
1000	0.019861221313
1001	0.020674705505
1002	0.020350456238
1003	0.0169672966
1004	0.013929367065
1005	0.017027378082
1006	0.017355442047
1007	0.018991470337
1008	0.01687335968
1009	0.015224933624
1010	0.014691352844
1011	0.015997886658
1012	0.022240161896
1013	0.015213489532
1014	0.019388198853
1015	0.016907215118
1016	0.019693851471
1017	0.015982151031
1018	0.023314476013
1019	0.006186485291
1020	0.017991542816
1021	0.016801834106
1022	0.020531654358
1023	0.010984897614
1024	0.018479824066
1025	0.018703937531
1026	0.01353931427
1027	0.019467830658
1028	0.014572143555
1029	0.015749931335
1030	0.021906375885
1031	0.016833305359
1032	0.010765075684
1033	0.020321846008
1034	0.014188289642
1035	0.013140201569
1036	0.018928527832
1037	0.0162358284
1038	0.01268529892
1039	0.019819259644
1040	0.030521869659
1041	0.013695716858
1042	0.029559612274
1043	0.023644924164
1044	0.011433601379
1045	0.023313522339
1046	0.017458438873
1047	0.027766704559
1048	0.018671512604
1049	0.00994682312
1050	0.016768455505
1051	0.025308609009
1052	0.022341251373
1053	0.015428066254
1054	0.024570465088
1055	0.023952007294
1056	0.013705253601
1057	0.009302616119
1058	0.014048576355
1059	0.015358924866
1060	0.026724338531
1061	0.014872550964
1062	0.018271446228
1063	0.016970157623
1064	0.011302947998
1065	0.016046047211
1066	0.010805130005
1067	0.032185554504
1068	-0.005012989044
1069	0.014420509338
1070	0.028675079346
1071	0.015388965607
1072	0.018428325653
1073	0.030610561371
1074	-0.004717350006
1075	0.01558637619
1076	0.011119842529
1077	0.030141353607
1078	0.021925449371
1079	0.021749019623
1080	0.025400161743
1081	0.03498506546
1082	0.015639305115
1083	0.021336555481
1084	-0.007544517517
1085	0.023694992065
1086	0.012290477753
1087	-0.003883361816
1088	0.053679466248
1089	-0.02114200592
1090	0.007870674133
1091	-0.004155158997
1092	0.062031269073
1093	0.038546085358
1094	0.043603897095
1095	0.011341571808
1096	0.037903785706
1097	0.027342796326
1098	0.002151489258
1099	0.019679546356
1100	0.057775497437
